					VC, BaP	VC, BaP	VC, BaP	BaP	BaP	BaP	BaP	BaP	BaP	VC, BBF	VC, BBF	VC, BBF	BBF	BBF	BBF	BBF	BBF	BBF	VC, BaP	VC, BaP	VC, BaP	BaP	BaP	BaP	BaP	BaP	BaP	VC, BBF	VC, BBF	VC, BBF	BBF	BBF	BBF	BBF	BBF	BBF
					0.2% DMSO	0.2% DMSO	0.2% DMSO	20然 BaP	20然 BaP	20然 BaP	2然 BaP	2然 BaP	2然 BaP	0.05% DMSO	0.05% DMSO	0.05% DMSO	20然 BBF	20然 BBF	20然 BBF	2然 BBF	2然 BBF	2然 BBF	0.1% DMSO	0.1% DMSO	0.1% DMSO	10然 BaP	10然 BaP	10然 BaP	1然 BaP	1然 BaP	1然 BaP	0.025% DMSO	0.025% DMSO	0.025% DMSO	10然 BBF	10然 BBF	10然 BBF	1然 BBF	1然 BBF	1然 BBF
Precursor Name	Prec. Form.	Add.	Prec. m/z	rt	24h	24h	24h	24h	24h	24h	24h	24h	24h	24h	24h	24h	24h	24h	24h	24h	24h	24h	96h	96h	96h	96h	96h	96h	96h	96h	96h	96h	96h	96h	96h	96h	96h	96h	96h	96h
1(3)-Methylhistidine	C7H11N3O2	[M+H]	170.0924	11.24	0.013644336	0.01048205	0.008819847	0.015402247	0.026566467	0.007598609	0.01327406	0.011685541	0.009578292	0.015158935	0.009007264	0.009796857	0.011992915	0.009680071	0.007431131	0.015201349	0.011856763	0.009153506	0.010958565	0.009080746	0.009873734	0.00444224	0.011014276	0.035777494	0.008825338	0.008254409	0.010109661	0.011834125	0.009851426	0.010614897	0.00713614	0.00698681	0.008682718	0.021294013	0.008714398	0.008789797
2-Aminoadipic acid	C6H11NO4	[M+H]	162.0761	9.74	0.151015816	0.121311441	0.178865023	0.148037096	0.164796339	0.211769795	0.117124253	0.111473719	0.146929679	0.126378523	0.107549736	0.120932651	0.106301907	0.137870102	0.120757394	0.105590616	0.115966417	0.10905432	0.093622405	0.172676668	0.202193234	0.017512414	0.032174722	0.060580232	0.069575501	0.085995721	0.114597073	0.14023449	0.182936434	0.228320057	0.041276868	0.051553246	0.076552361	0.067451509	0.066171352	0.078448807
4-Acetamidobutyric acid	C6H11NO3	[M+H]	146.0812	1.62	0.063079712	0.051577194	0.034239828	0.07559345	0.169182935	0.036744179	0.066371134	0.04625402	0.043156806	0.053686767	0.034858402	0.032236619	0.047936612	0.035058258	0.0323282	0.076470475	0.043974618	0.035666243	0.048681636	0.04819303	0.043920977	0.036356195	0.065492886	0.285392717	0.047563468	0.043436932	0.047096819	0.073632853	0.052947206	0.047371015	0.038479033	0.036462748	0.034669179	0.116627909	0.043350252	0.039798887
4-Pyridoxic acid	C8H9NO4	[M+H]	184.0604	1.68	0.09214871	0.060756899	0.056926783	0.069822244	0.124995019	0.042335202	0.069496357	0.05765515	0.058209201	0.071869605	0.058432527	0.060623917	0.050426275	0.047085047	0.039363368	0.062232414	0.055290687	0.050166502	0.059860659	0.070176911	0.061698229	0.022119122	0.035793739	0.184314139	0.05410897	0.056021104	0.065791822	0.091462335	0.062512626	0.067467696	0.032172058	0.0273985	0.031852214	0.105746772	0.032894019	0.049468631
5,6-Dihydrouracil iso1	C4H6N2O2	[M+NH4]	132.0768	9.29	0.151841807	0.105462778	0.05568826	0.097391123	0.100679458	0.040741068	0.124524197	0.106227061	0.108216081	0.13663207	0.103586697	0.089336988	0.079257313	0.064740978	0.036645332	0.091795977	0.097252027	0.05190632	0.088212162	0.160955839	0.136122283	0.027142011	0.044623711	0.10321252	0.123369193	0.114568901	0.123192073	0.154803377	0.133256824	0.149964666	0.083441323	0.098270805	0.070610908	0.151854034	0.088105368	0.134549396
5,6-Dihydrouracil iso2	C4H6N2O2	[M+NH4]	132.0768	9.44	0.170282511	0.120872315	0.005436137	0.146104863	0.137088815	0.00001	0.196800885	0.12983804	0.114894045	0.161598812	0.128903321	0.112038985	0.087780196	0.064782144	0.00001	0.120602571	0.198907281	0.044356637	0.089907578	0.171769328	0.1212327	0.018017746	0.023935944	0.058094183	0.172956749	0.115798774	0.111665319	0.110085444	0.149157907	0.136123296	0.048962882	0.134820218	0.0607979	0.18278963	0.084641242	0.136000198
5-Aminovaleric acid betaine	C8H17NO2	[M+H]	160.1332	4.75	1.291744328	1.241033285	1.139421337	1.124074143	0.995670781	1.12975204	1.242241247	1.178244396	1.436009356	1.313624404	1.340749118	1.236988387	1.020599564	1.147300374	1.118186545	1.156654906	1.291470582	1.171331509	0.855967581	1.318522657	1.302715566	0.762887762	1.208335001	1.127484756	0.772204114	1.036776965	1.303819765	0.294282043	1.4106883	1.508175248	0.840269747	1.071217127	1.157372968	1.137716438	1.084432912	1.315440312
Acetylcarnitine (C2)	C9H17NO4	[M+H]	204.123	6.31	2.036137403	1.646617698	1.762328765	2.060156781	2.49186753	2.3034912	2.194456061	1.330557725	1.999297851	2.398966672	1.450550572	1.531788901	2.259798133	1.660910542	1.843723314	1.844570745	1.616285659	1.456036429	1.166146775	2.243811819	2.048358335	2.015420172	2.838421837	3.412642136	2.690475197	2.370740552	2.29323049	2.246233462	2.748334656	2.314688544	4.984385546	4.974303087	3.950227058	2.621374948	2.730627275	2.399896866
Adenine	C5H5N5	[M+H]	136.0618	2.46	2.904662201	0.207506178	0.285684307	2.299163546	0.41734157	0.376529964	2.618926162	3.276686743	0.695928099	1.696701992	0.371375465	0.536692732	2.309730004	3.059477218	0.845266108	0.651988225	0.732483717	0.704679738	2.519914101	1.263753052	1.399112329	0.085032464	0.25334718	0.142673246	0.58353503	1.780981762	1.004043184	0.726943876	0.634295021	1.21957563	0.213245557	0.531950905	0.296325258	2.438115757	0.327944151	1.863700884
Adenosine	C10H13N5O4	[M+H]	268.104	2.81	0.477176567	0.518879196	0.528466144	0.168692076	0.880661493	0.731080826	0.148691531	0.852291498	0.71781468	0.101066338	0.450352788	0.55878367	0.099372498	0.683565085	0.833032702	0.756480467	0.429169577	0.319849527	0.846918723	0.492350557	0.245138202	0.266654872	0.322424398	0.526670989	0.138513113	0.128623633	0.558039546	0.369391464	0.348127406	0.302804226	1.159997538	0.233555886	0.447199598	1.407980504	0.147024012	0.969682879
Alanine	C3H7NO2	[M+H]	90.055	9	0.524426671	0.48353078	0.535877233	0.502171153	0.652186235	0.517368823	0.480845189	0.537036967	0.55863033	0.493442958	0.493172769	0.5574601	0.457551957	0.518992418	0.540721765	0.474151463	0.535150891	0.55023841	0.523154922	0.681633814	0.7730341	0.411165829	0.628919551	0.989371833	0.534746202	0.664343255	0.822887491	0.608547224	0.656249386	0.763352973	0.580218961	0.664815273	0.740120302	0.793597694	0.690649494	0.723769979
Arachidonoylcarnitine (C20:4)	C27H45NO4	[M+H]	448.3421	1.29	0.009182215	0.006341009	0.005663921	0.016059331	0.006545332	0.003494205	0.012208967	0.007163622	0.008210771	0.011777674	0.012049515	0.014992944	0.006588737	0.009522733	0.008592404	0.012566649	0.014440604	0.011215367	0.0039539	0.012930197	0.014841808	0.00066681	0.002925058	0.001256753	0.010380087	0.010076947	0.020760084	0.011851522	0.01725859	0.018923411	0.001428242	0.014655452	0.013861087	0.01150155	0.024617738	0.019679365
Arginine	C6H14N4O2	[M+H]	175.119	11.35	0.810953103	0.739924631	0.701382066	0.909239296	1.55494286	0.796883444	0.725189416	0.676483222	0.697724966	0.634436265	0.535511858	0.594020285	0.813031035	0.647020246	0.744847449	0.882208212	0.666772667	0.67694219	0.341383818	0.405056475	0.450863107	0.428859997	0.752421904	2.267439952	0.298952247	0.402264897	0.508023026	0.476511365	0.464904662	0.441175177	0.498584918	0.532481498	0.600703751	0.580187623	0.544786265	0.491860489
Argininosuccinate	C10H18N4O6	[M+H]	291.1299	12.6	0.011639143	0.004513394	0.003555256	0.015506417	0.008609837	0.004721594	0.009958672	0.007082182	0.006204824	0.012694672	0.006952184	0.006122137	0.009863928	0.006468778	0.003327509	0.011247953	0.008849191	0.00516973	0.003186942	0.004111193	0.00463133	0.001298545	0.001757304	0.002366829	0.002048632	0.005731156	0.003374249	0.00266299	0.003560183	0.004987159	0.001360465	0.003292105	0.002850277	0.004590178	0.003107402	0.003702426
Asparagine	C4H8N2O3	[M+H]	133.0608	10	0.202670138	0.257449507	0.259290269	0.278252947	0.517527167	0.358156091	0.213603841	0.192976742	0.268462623	0.204150929	0.198525196	0.223292052	0.186476871	0.227411552	0.286212454	0.262828149	0.291335025	0.261628558	0.084260881	0.162325323	0.152777652	0.135356201	0.23429517	0.570764931	0.111541669	0.153758956	0.208014672	0.153671018	0.177017767	0.153970999	0.243555124	0.254013681	0.318590471	0.162307581	0.226567245	0.144638457
Aspartic acid	C4H7NO4	[M+H]	134.0448	10.84	0.100235047	0.096414491	0.091571865	0.112970512	0.127443477	0.152276352	0.09529199	0.081439059	0.114161826	0.085316067	0.082853186	0.089665026	0.085437248	0.075572959	0.107965862	0.090977245	0.073739528	0.087989713	0.06098597	0.086570692	0.058550341	0.095224743	0.172145359	0.158791379	0.08847975	0.096775028	0.057877939	0.088974901	0.081092711	0.047681121	0.115127467	0.124051865	0.099733617	0.044607409	0.090885124	0.056985395
beta-Citrylglutamate	C11H15NO10	[M+H]	322.0769	10.18	0.01731921	0.015955058	0.016385223	0.0177271	0.015456137	0.01674114	0.018209962	0.018237278	0.019767729	0.016358549	0.017394259	0.016854186	0.018036593	0.024463858	0.017149667	0.017319144	0.021639406	0.015874241	0.009686734	0.014132582	0.016312591	0.010807211	0.017492436	0.015425719	0.012694286	0.012865557	0.018125532	0.013282486	0.01415531	0.016310505	0.025338034	0.028575477	0.027521436	0.021341338	0.026076607	0.02218115
Betaine	C5H11NO2	[M+H]	118.0863	6.61	5.47822458	4.901173659	4.717321484	4.8484815	7.795317753	3.972206848	4.713487384	4.941201657	5.263415558	5.742951245	4.67955531	4.927236366	4.324894895	4.313923556	4.380890493	5.144562029	4.682354451	4.612862244	3.673790317	5.144633238	5.633795397	3.449097963	5.748026178	12.93770696	3.932707114	4.414285375	5.404508948	5.187489562	5.524115319	6.376382565	3.612949309	4.607770824	4.758347051	5.855814671	4.589460401	4.723846817
Butyrylcarnitine (C4)	C11H21NO4	[M+H]	232.1543	3.63	0.450689097	0.43401848	0.42008117	0.407400261	0.813806205	0.392226905	0.547855646	0.316969415	0.556704867	0.471252939	0.448227076	0.373225209	0.56519463	0.435024717	0.432603092	0.494752539	0.422794332	0.360649177	0.44558326	0.659671213	0.585186586	0.127700418	0.295044811	1.038372805	0.877612442	1.016174475	0.911017825	0.934558682	0.789494207	0.961230425	0.768228314	0.585478435	0.625073158	0.857551823	0.687946752	0.704909596
Carnitine	C7H15NO3	[M+H]	162.1125	8.2	12.64223047	11.60925718	11.56471764	11.58002679	12.37740122	11.94373555	11.2526797	12.03339499	12.79582881	12.79009307	9.872926755	11.82403202	11.58482056	11.12684128	12.73160322	12.14054404	10.85014886	11.95923676	11.52391693	15.00884584	11.47241617	8.177935086	13.1562762	12.14266186	11.35344966	14.24218426	11.04092195	10.95145472	14.31070313	14.14185646	12.50170077	14.80114478	15.56599113	13.24470716	12.5304647	15.40637844
Carnosine	C9H14N4O3	[M+H]	227.1139	11.67	0.003616121	0.005546194	0.003735232	0.004241059	0.019748115	0.003485101	0.004082532	0.004531049	0.004387293	0.00364151	0.003570644	0.003342435	0.003413348	0.003517023	0.003618312	0.006190444	0.004878135	0.003429736	0.002982183	0.003867313	0.003476586	0.002960718	0.006059649	0.036548556	0.003180968	0.004045475	0.004712999	0.006370238	0.004802236	0.004096973	0.004257742	0.003930094	0.004493369	0.010030482	0.004252428	0.004150121
CDP-choline	C14H26N4O11P2	[M+H]	489.1146	12.44	0.001438575	0.001127528	0.002001828	0.001792858	0.001442712	0.002376857	0.000237342	0.000707489	0.003401941	4.59039E-05	0.000799003	0.001273387	0.002066933	0.001050176	0.002097721	0.001461326	0.001086221	0.00138146	8.08716E-05	0.000273164	0.000772578	0.000379598	0.001166284	0.001079187	0.000199341	0.000793715	0.001999011	0.000346968	0.00043722	0.000262985	0.003714561	0.003196301	0.003634733	6.7988E-05	0.002466865	0.000398238
CDP-ethanolamine	C11H20N4O11P2	[M+H]	447.0677	12.56	0.000885282	0.000952251	0.001318269	0.001236107	0.001645311	0.002793743	0.000121873	0.000622757	0.002388561	1.37883E-05	0.000581483	0.000865861	0.00103855	0.000794004	0.00197556	0.00087972	0.000917744	0.00100434	0.000110425	0.000492355	0.000599432	0.000352971	0.000766754	0.001016762	0.000341187	0.000612189	0.001076912	0.000669339	0.000667874	0.000317334	0.003346497	0.001484928	0.001621856	8.58175E-05	0.001062075	0.000325465
Choline	C5H13NO	[M+H]	104.10699	3.47	69.02454625	55.03962465	70.19497234	65.83644782	60.75428558	81.1964738	59.70998615	69.68901911	84.57951326	63.19491134	57.45776741	66.46093787	73.25834685	76.3348494	75.2337681	66.91814898	64.06548554	82.6050876	45.86392238	55.61433221	81.32708656	57.12126072	107.0418208	69.67601751	47.13709697	72.47048411	76.84938889	53.0530469	61.15780393	84.36839179	68.37711737	203.1838898	117.28518	87.18513029	77.50273211	98.99733404
Citrulline	C6H13N3O3	[M+H]	176.103	10.23	0.438225464	0.522782997	0.349886514	0.674604737	1.080146257	0.497830284	0.471133003	0.456683887	0.460451694	0.458463489	0.361555661	0.343185462	0.319194201	0.331172456	0.339774062	0.577288404	0.408278329	0.461885052	0.334202825	0.458053984	0.37691062	0.31498766	0.788151599	1.718909007	0.32575274	0.425901555	0.49958958	0.486063548	0.515801662	0.572327806	0.41055996	0.445904565	1.674976318	0.717580607	0.400300449	0.508223693
Creatine	C4H9N3O2	[M+H]	132.0768	9	15.74478644	14.64009772	18.32220611	14.1009369	12.39247881	15.67818294	14.06132513	14.63107699	17.77512912	15.07196481	13.30529205	16.60147646	14.48232693	14.2880342	17.44730654	13.55363786	13.7785956	15.72366686	14.1399404	19.98409817	19.59695193	12.63592245	19.84508157	15.18114603	13.73366372	17.1446756	18.90628118	15.04327887	18.48368147	20.0969777	13.00087994	14.6359555	16.00310266	14.01378477	16.08951147	15.91791356
Creatinine	C4H7N3O	[M+H]	114.0662	2.75	0.082888157	0.102071626	0.116836578	0.087977719	0.288728513	0.101362804	0.08310266	0.102047201	0.089044859	0.075932748	0.074009381	0.089381747	0.07683808	0.095117435	0.10557801	0.103911739	0.090927497	0.107571018	0.082735238	0.079603955	0.099394889	0.078520186	0.139214993	0.545036757	0.06927501	0.083626516	0.105511227	0.119427873	0.088651782	0.106813138	0.065629215	0.073300463	0.098195654	0.182014835	0.095751323	0.0926805
Cystathionine	C7H14N2O4S	[M+H]	223.0747	12.34	0.045273001	0.027190044	0.026615671	0.026701682	0.017788347	0.014485801	0.03702273	0.026984222	0.026248841	0.042846798	0.031368279	0.02861706	0.025541643	0.020919039	0.015449518	0.028579524	0.025793792	0.019530425	0.027337936	0.036164718	0.034550456	0.002858547	0.00414071	0.006222202	0.036474989	0.032600568	0.030872536	0.036006351	0.036673289	0.041313663	0.02187133	0.014339624	0.017684215	0.030573155	0.02479534	0.033841228
Cysteine-S-sulfate	C3H7NO5S2	[M+H]	201.9838	8.72	0.002523184	0.001721363	0.00078235	0.001756925	0.005158664	0.000785518	0.001974426	0.003811898	0.001549839	0.001312589	0.000833783	0.000562829	0.002275081	0.002730506	0.000878345	0.00196717	0.00091008	0.000908834	0.002503021	0.000518294	0.001853645	0.000860452	0.00177824	0.010715966	0.000601366	0.003115032	0.000692071	0.001104817	0.001009827	0.000866172	8.69135E-05	0.000510978	0.000183769	0.00446287	0.000862381	0.003180447
Cystine	C6H12N2O4S2	[M+H]	241.0311	12.49	0.184888568	0.125613171	0.093997923	0.217961337	0.179043602	0.101189137	0.240495085	0.18511629	0.146938596	0.152347925	0.099305866	0.106688895	0.240683009	0.171800538	0.072697517	0.172685497	0.170136394	0.148731386	0.102788332	0.088041086	0.118510518	0.103597829	0.143298726	0.186342715	0.17433073	0.163926402	0.12080408	0.105104537	0.10844198	0.076757711	0.009284244	0.048298441	0.050460044	0.220509486	0.1005365	0.200089706
Cytidine	C9H13N3O5	[M+H]	244.0928	5.49	0.285044712	0.203192777	0.178580637	0.479407311	0.484196894	0.428673628	0.39235998	0.239521892	0.254727826	0.269948788	0.196716076	0.174171883	0.217168445	0.236500739	0.170533448	0.271306236	0.243044867	0.214549217	0.182651628	0.218160417	0.207487353	0.228239368	0.273119137	0.309144302	0.259656321	0.21240114	0.226730881	0.198108536	0.224976391	0.139342891	0.210516795	0.231725687	0.151044391	0.201817509	0.155146807	0.193938559
Cytosine	C4H5N3O	[M+H]	112.0505	3.89	0.071936161	0.062627636	0.057429991	0.088289761	0.108517201	0.087512337	0.140109357	0.090857427	0.080200085	0.105155999	0.060744454	0.062982909	0.063046219	0.072634231	0.055497268	0.068017453	0.087782174	0.089793664	0.057194786	0.030468682	0.035713566	0.039412069	0.049591653	0.072511378	0.080853196	0.013126318	0.051497702	0.042249672	0.026825914	0.046345042	0.010877905	0.052340466	0.03749668	0.138179184	0.040545265	0.10887592
Dimethylarginine assymetric	C8H18N4O2	[M+H]	203.1503	10.53	1.658642667	1.465809814	1.333167885	1.884826245	1.93185376	1.628794465	1.602581204	1.621354828	1.493288653	1.546213279	1.260458981	1.204555293	1.746464726	1.675444138	1.350718365	1.771677804	1.40206076	1.54634421	1.048662724	1.250513086	1.075084663	0.57290716	0.849299712	1.438035978	0.807336128	1.112240339	0.983138108	0.921839363	1.021897272	1.207900028	0.682054747	1.400316164	1.623119818	1.040092429	1.342952002	1.477800217
Dimethylglycine	C4H9NO2	[M+H]	104.0706	7.58	0.008611489	0.009371537	0.005884449	0.009368445	0.020568267	0.006389397	0.008672656	0.009400877	0.010444427	0.009396077	0.006932261	0.008515116	0.010145467	0.009684534	0.012951817	0.013365027	0.009123363	0.007362762	0.008245565	0.008249821	0.008376824	0.006228634	0.01382692	0.03070343	0.006123865	0.00695726	0.012070224	0.009838777	0.009371761	0.011715717	0.007896659	0.003699505	0.012297923	0.014584477	0.005054201	0.008815626
Erucamide	C22H43NO	[M+H]	338.3417	0.86	0.922622843	0.00001	0.170247918	0.200074111	0.00001	0.00001	0.001579414	0.00001	0.00001	0.148510856	0.00001	1.819608713	0.110086682	0.344892963	0.19974915	0.00001	0.200499713	0.469868548	0.00001	0.180454869	1.468260751	0.231099212	1.787193245	0.00001	0.293515191	0.549461879	1.296590886	0.027483373	0.667393096	0.380133537	0.104167256	0.152991552	0.00001	0.00001	0.742415197	0.00001
Flavine adenine dinucleotide	C27H33N9O15P2	[M+H]	786.1644	11.74	9.09155E-05	0.000580101	0.000555192	0.000124599	0.000382452	0.00081184	2.00325E-05	1.61631E-05	0.000614613	2.09548E-06	0.00034418	0.000259416	7.47923E-05	8.87427E-06	0.000533177	0.000381721	0.000375675	0.000316615	1.31986E-05	0.000521784	0.00021428	0.000140462	5.29777E-05	0.000262709	0.000236156	8.02605E-05	0.001019097	0.000403845	0.000671959	7.26594E-05	0.001608433	0.000817859	0.001567057	0.00001	0.000876596	1.8211E-05
gamma-Butyrobetaine/deoxycarnitine	C7H15NO2	[M+H]	146.1176	6.9	1.45384565	1.469814759	1.208683096	1.484262468	1.863725031	1.609298655	1.352601973	1.627973966	1.683456823	1.661855673	1.695119767	1.83997064	1.483474864	1.55873255	1.749709274	1.464886953	1.579615711	1.741729826	1.12810334	1.302673738	1.236459749	1.720162856	2.288186108	2.302835607	1.28878648	1.210226218	1.351612123	1.299648933	1.460777939	1.766230611	1.660594155	1.9350886	1.851614213	1.511913122	1.315523193	1.591160453
Glutamic acid	C5H9NO4	[M+H]	148.0604	10.21	8.339297137	8.290787852	9.478226053	10.34712195	9.871768236	12.91077216	9.656425365	8.414300217	9.519196161	9.266088942	7.001633798	8.622318728	9.334498427	9.257537815	10.20831046	8.666324797	8.39390177	9.519456366	7.621985622	9.662097594	9.350042943	8.662470352	12.93262538	12.0441991	7.977951279	10.51583972	8.266506744	8.421516012	9.672402903	10.52826552	8.93185137	9.81100528	9.547978202	8.832861478	8.584599199	9.266639208
Glutamine	C5H10N2O3	[M+H]	147.0764	9.85	12.614199	12.3341708	13.86577357	13.62316772	21.54106813	15.73856731	12.32706889	12.77885164	14.17431505	10.63937898	10.52692261	11.87442744	10.80635728	12.96354945	12.07416679	12.94119297	13.14427023	12.36567474	6.625890402	9.63963016	10.28086929	5.60817651	11.52702649	27.94471286	5.727262678	6.363588957	9.911975429	8.939727768	10.60845311	10.71818868	8.346351753	9.121132033	11.14179577	10.63225663	9.941021	9.809213716
Glutamyleucine	C11H20N2O5	[M+H]	261.1445	9.23	0.013243511	0.008735221	0.008447594	0.028877833	0.018577811	0.021240417	0.019123297	0.015085387	0.013892679	0.013397986	0.010583246	0.011826846	0.016503275	0.015780826	0.01374662	0.014720079	0.015494432	0.016109926	0.008835382	0.012763808	0.014653642	0.016359529	0.027302706	0.037090828	0.012403223	0.010281508	0.018085767	0.009503793	0.011675254	0.01486654	0.007763773	0.020122117	0.023664698	0.026130128	0.016713302	0.022655952
Glutamylglutamine	C10H17N3O6	[M+H]	276.119	11.7	0.057102656	0.106730654	0.094803949	0.073320922	0.173365362	0.187758949	0.074497886	0.070873957	0.164237013	0.020342282	0.056133677	0.057381593	0.067410467	0.122105809	0.14102939	0.102663166	0.129257736	0.120250015	0.017852823	0.031353803	0.027481391	0.121177674	0.218419039	0.184754889	0.037342186	0.006489743	0.094872112	0.037952742	0.055532003	0.024678841	0.030731678	0.204615089	0.152852502	0.0334702	0.114953831	0.037681788
Glutamylisoleucine	C11H20N2O5	[M+H]	261.1445	9.32	0.005754662	0.003655887	0.003574304	0.01325407	0.008533997	0.009003811	0.007945394	0.006161385	0.006301893	0.005863652	0.003980717	0.005682475	0.007079047	0.007124241	0.006322457	0.006769244	0.007429253	0.007537923	0.004698726	0.00610535	0.008310781	0.009513269	0.013026964	0.016876819	0.006560538	0.007807855	0.009245286	0.004447937	0.005556474	0.008364756	0.004188892	0.009412712	0.01238612	0.011539142	0.008291602	0.011842813
Glutamylmethionine	C10H18N2O5S	[M+H]	279.1009	9.86	0.011983642	0.01106089	0.014405919	0.021601457	0.019776906	0.023156845	0.01554795	0.009936256	0.0219079	0.005136981	0.012637897	0.013928921	0.014961391	0.012901077	0.01684385	0.018367199	0.022283236	0.024623389	0.002800008	0.011502509	0.008533387	0.016799642	0.031996255	0.030328381	0.011073557	0.003540139	0.020530965	0.00799268	0.011795219	0.010294987	0.004167531	0.033911087	0.029543182	0.01105856	0.022806424	0.014151473
Glutamylphenylalanine	C14H18N2O5	[M+H]	295.1288	9.35	0.004966263	0.0028646	0.00284682	0.010319646	0.004502347	0.003617866	0.00744939	0.004722939	0.004741876	0.004949549	0.003593166	0.003960081	0.006336859	0.005021894	0.003157004	0.005622727	0.005919663	0.005245014	0.002594713	0.004046089	0.004934423	0.004149117	0.006703383	0.008917045	0.003671045	0.004534676	0.005044141	0.002915333	0.003307443	0.004572559	0.001493982	0.006652708	0.006444019	0.010117687	0.005211766	0.007547192
Glutathione	C10H17N3O6S	[M+H]	308.0911	10.71	0.001049314	0.002278832	0.016404239	0.0013644	0.000210668	0.041785187	6.56017E-05	0.00001	0.00252503	0.00001	0.00100638	0.001799097	0.00001	0.00001	0.077557304	0.002209364	0.004958521	0.002731067	0.00001	0.001105333	0.00001	0.001034957	0.003638993	0.003763049	0.00027469	0.000235427	0.030825461	0.000493656	0.002325351	0.000128995	0.276716016	0.057471005	0.130091149	0.000157093	0.008473726	0.00001
Glutathione oxidised	C20H32N6O12S2	[M+H]	613.1592	13.58	4.01934E-06	0.000451278	0.000203775	0.00001	0.002585589	0.009003751	0.00001	0.00001	0.002631066	0.00001	0.00001	0.00001	0.00001	1.0924E-05	0.013156901	9.69235E-05	0.000134034	0.000467623	0.00001	0.00001	0.00001	0.001559468	0.002812021	0.003691831	0.00001	0.00001	0.002241966	0.00001	0.00001	0.00001	0.090597413	0.024797175	0.034952795	0.000361091	0.003818194	3.74027E-05
Glycerophosphorylcholine	C8H20NO6P	[M+H]	258.1101	10.04	3.145576659	2.015093929	2.312845721	4.513598957	5.275698963	5.571489219	2.663606314	1.70204647	2.293366301	2.614414045	1.53897442	1.651889676	2.672895511	1.315050679	2.120896724	2.136847981	1.486549408	1.582261428	2.740422952	4.118050869	2.380181153	5.678569842	8.850420192	7.783556415	1.799377202	3.166932362	1.764583567	3.472106259	3.390802717	4.024127406	5.841086998	5.467315314	8.611724999	3.681510486	2.701761606	2.757739271
Glycerophosphorylethanolamine	C5H14NO6P	[M+H]	216.0632	10.37	0.598430278	0.532135561	0.666538326	0.57006668	0.596844916	0.853882084	0.525306462	0.523080887	0.661836282	0.531872427	0.47157825	0.527765616	0.413643763	0.406105373	0.515740892	0.464964046	0.482549382	0.536084446	0.547770926	1.011773681	0.89561893	0.596764656	0.985092023	0.883118432	0.325897174	0.679775019	0.664974428	0.752071818	0.964003462	1.174522936	0.612974955	0.777822304	1.205935864	0.461637839	0.622696182	0.72234599
Glycerophosphorylinositol	C9H19O11P	[M+H]	335.0738	12.36	0.005891416	0.003501193	0.003240399	0.005006438	0.003661126	0.003129638	0.005442264	0.00413735	0.003724501	0.004464637	0.003218146	0.002819232	0.003660871	0.002860296	0.002302947	0.003989532	0.003518315	0.002533157	0.003740281	0.004885797	0.004257969	0.000770496	0.001045362	0.001218833	0.00463962	0.005542201	0.005006167	0.004753221	0.004845069	0.005018943	0.002242868	0.002800736	0.00231351	0.003378061	0.003463147	0.003535918
Glycerophospoglycerol 	C6H15O8P	[M+H]	247.0577	9.97	0.037592636	0.033695213	0.043823792	0.037894482	0.039413306	0.049204887	0.038548728	0.040617799	0.049287925	0.03556421	0.032861263	0.038854795	0.033224698	0.039137289	0.043391611	0.037158789	0.04105183	0.046055662	0.024275707	0.038493209	0.039392056	0.02229405	0.033092573	0.033275849	0.023506059	0.034954884	0.041596243	0.03010809	0.036537733	0.043677975	0.027424065	0.02965083	0.037618817	0.026716735	0.029136324	0.034512669
Glycine	C2H5NO2	[M+H]	76.0393	9.45	0.230670281	0.211436635	0.20657401	0.311900987	0.349931205	0.260180265	0.276566061	0.25438734	0.273773734	0.214651279	0.199669217	0.230263545	0.256431109	0.279632157	0.224186845	0.271488937	0.281722968	0.285918379	0.126486783	0.16150015	0.188297945	0.195140059	0.252970726	0.328460485	0.196606531	0.193966207	0.249556974	0.146165434	0.162084508	0.208688434	0.134054374	0.233730924	0.282690416	0.285165649	0.208719572	0.294724582
Guanine	C5H5N5O	[M+H]	152.0567	4.46	15.38169622	16.61957715	21.24119257	16.80739361	19.64735201	27.45554863	16.91792874	17.98627222	22.12398528	12.41032905	16.51409517	21.93413503	14.1178626	18.46679026	23.29743781	17.33910449	19.36170134	26.18845676	16.78442852	18.2634178	24.91056743	8.002812756	10.88516013	20.03891848	18.22576271	6.003567969	25.75865171	17.70730229	17.78533485	23.20017841	2.655033683	2.109717503	12.79412592	9.18236707	9.112277428	19.73520287
Guanosine	C10H13N5O5	[M+H]	284.0989	6.41	0.105474312	0.10499004	0.132510779	0.133813983	0.133007006	0.175509471	0.125750296	0.133287846	0.163115212	0.113736941	0.103808444	0.145245446	0.11982913	0.142186795	0.180931073	0.10881524	0.118777383	0.15576091	0.097187491	0.132380951	0.173445042	0.069587775	0.110880992	0.112677217	0.119188235	0.221338	0.167685182	0.117124743	0.147335152	0.183780416	0.206569729	0.182580297	0.170354802	0.136207031	0.145940362	0.142820049
Hexanoylcarnitine (C6)	C13H25NO4	[M+H]	260.1856	2.42	0.108406322	0.073030059	0.078709473	0.066013849	0.096036689	0.057989792	0.097550922	0.051988585	0.09437848	0.104430321	0.09280811	0.077936707	0.087153346	0.061220946	0.052218008	0.082739627	0.083178626	0.054937538	0.090078762	0.17013311	0.160652214	0.01505601	0.069327922	0.094000262	0.259519968	0.281035654	0.261689264	0.194581581	0.208323595	0.178890562	0.145832539	0.135646808	0.128948815	0.202458544	0.189350458	0.183618892
Histidine	C6H9N3O2	[M+H]	156.0768	11.13	0.35962002	0.334543425	0.298201934	0.416314108	0.598939734	0.273214466	0.362712627	0.328061308	0.30803643	0.477567311	0.29094327	0.300726258	0.294531423	0.268055538	0.23741849	0.493258802	0.377161619	0.284974469	0.275247618	0.252929208	0.20638587	0.155509106	0.299014956	0.586559141	0.245947039	0.224362913	0.272650648	0.333413406	0.259915971	0.233943192	0.222634756	0.177367248	0.275935829	0.566904382	0.250219832	0.242510346
Homoarginine	C7H16N4O2	[M+H]	189.1346	11.16	0.003997605	0.003690026	0.002627194	0.004117824	0.012072929	0.002240916	0.004232025	0.003643127	0.002765666	0.003943376	0.00283547	0.00261889	0.002916413	0.002437943	0.002204781	0.00486739	0.003597914	0.002419763	0.003655092	0.002920909	0.002686364	0.001254498	0.003094361	0.018928436	0.003100627	0.0023723	0.003082952	0.004797456	0.003178417	0.002947252	0.002091155	0.00196725	0.002059188	0.008397129	0.002725825	0.002310582
Homolysine	C7H16N2O2	[M+H]	161.1285	9.64	0.00813419	0.008984336	0.01133291	0.009226095	0.01404748	0.012890992	0.008998224	0.004325796	0.008437936	0.012005898	0.007805318	0.008555466	0.009508838	0.004649448	0.012108955	0.014110266	0.008175597	0.008873822	0.003764579	0.010420022	0.005092093	0.004618419	0.006681009	0.011813819	0.008557009	0.006934172	0.010804948	0.012926176	0.009260173	0.005643172	0.007583978	0.004553372	0.008854618	0.004844534	0.005266658	0.006377679
Hypotaurine	C2H7NO2S	[M+H]	110.027	8.96	0.029602727	0.013719523	0.032299365	0.019901779	0.014532882	0.025046244	0.026464482	0.013681629	0.030258307	0.027908152	0.021989118	0.02608725	0.019472827	0.008203367	0.023617676	0.025173658	0.018940191	0.025603664	0.007103305	0.032935355	0.027749857	0.024713515	0.035815365	0.024123572	0.022251895	0.023865178	0.033875857	0.021803561	0.029730268	0.02960269	0.023763989	0.028574548	0.033448629	0.006382845	0.028554272	0.02427801
Hypoxanthine	C5H4N4O	[M+H]	137.0458	2.67	14.67380997	13.47072874	14.63209916	15.24715806	14.85796181	17.86224134	14.36776295	14.84873783	15.69408279	14.70814139	13.43209472	14.49237093	13.10870068	14.79996678	15.40279715	14.02260963	15.36563581	16.84302603	10.92271947	14.64180092	16.08836187	12.35685462	18.0872529	16.80731885	11.68012019	11.19345557	16.72022584	11.92812999	14.22519173	17.89831628	8.186298285	14.90835271	17.71750731	12.26777245	14.52236743	19.09728034
Inosine	C10H12N4O5	[M+H]	269.088	4.17	1.512139338	1.614850251	1.677765524	1.741721026	1.972608684	2.135824837	1.732515656	1.681835619	2.141287997	1.566272319	1.573413286	1.790621512	1.491173176	1.723424138	1.809453718	1.355605626	1.842421028	1.99044448	1.217989324	1.644578847	2.200941954	1.095253258	1.70469913	1.712436125	1.446245238	2.288101277	2.04500971	1.572168807	1.925247911	2.584525189	2.489287753	2.736843923	2.812653464	2.329910411	2.134482968	2.295424053
Isoleucine	C6H13NO2	[M+H]	132.1019	6.68	2.330017616	1.954350974	1.533348189	2.41989657	5.850200903	1.6839753	2.401726002	2.06948801	1.879966493	2.183294308	1.577847525	1.556858804	1.815832759	1.672122606	1.447964503	2.686646118	1.851753875	1.61296663	1.607794861	2.018785025	2.028181883	1.018195136	2.260913587	9.345051867	1.550390972	1.96027958	2.033050617	2.468699938	2.108018612	2.194275491	1.551440101	1.951338713	1.87067158	3.263360961	1.881217791	1.779032758
Leucine	C6H13NO2	[M+H]	132.1019	6.2	2.339236728	2.231900351	2.055523996	2.44250332	5.500518897	2.33638361	2.341852843	2.359753051	2.439171683	2.233108345	1.897788188	1.991925727	2.157261658	2.064503252	2.164905332	2.589577195	2.256883113	2.103625595	1.429206329	2.018118052	2.274288161	1.128043565	2.379178004	8.609463828	1.418696946	2.309739583	2.24585056	2.176350721	2.13466674	2.394639976	2.2040185	2.409502632	2.532180028	2.952330206	2.296758744	2.239765984
Linoleoylglycerol	C21H38O4	[M+H]	355.2843	0.89	0.120098989	0.069949341	0.069230847	0.154429683	0.079936749	0.083071968	0.094788858	0.040256655	0.104291162	0.104081882	0.090428263	0.089892129	0.076535908	0.033583021	0.07772735	0.109050828	0.089703137	0.075599338	0.082110963	0.051612302	0.115229784	0.085001643	0.205711922	0.108992438	0.053523011	0.05314356	0.059270917	0.063158569	0.074344975	0.122063293	0.094139763	0.06303116	0.106069524	0.044015004	0.089372752	0.058221496
Linoleylcarnitine (C18:2)	C25H45NO4	[M+H]	424.3421	1.3	0.039282085	0.025077546	0.030318468	0.052376153	0.016436356	0.012408398	0.05844705	0.015331796	0.042189282	0.046423984	0.050861921	0.059026503	0.040031523	0.034352388	0.028260759	0.051225377	0.04650572	0.033122309	0.032854731	0.043342533	0.102193944	0.002383488	0.005870254	0.004180289	0.065533849	0.04627191	0.136184467	0.080672434	0.056675845	0.100123593	0.013183241	0.041138758	0.037773977	0.060160074	0.100076227	0.052856289
Lysine	C6H14N2O2	[M+H]	147.1128	11.6	0.337531817	0.341095588	0.306214127	0.374496854	0.799874305	0.363166459	0.329660633	0.335768858	0.348032389	0.314818165	0.281844676	0.285146379	0.317757767	0.32331153	0.338463043	0.399362649	0.348482817	0.314979231	0.21900089	0.263891134	0.290039213	0.14530232	0.293708993	1.336366303	0.194569065	0.274426485	0.299438418	0.306020271	0.278778352	0.297008059	0.25947074	0.294538543	0.34306376	0.438585239	0.298917686	0.311560912
Methionine	C5H11NO2S	[M+H]	150.0583	7.07	0.773701131	0.494285736	0.475667271	0.8714083	1.012379827	0.541691793	0.839110715	0.318442484	0.612228841	0.88650275	0.474622626	0.475414153	0.517889268	0.249877694	0.469088914	0.883446572	0.508193483	0.466825032	0.219437287	0.550665093	0.42538452	0.209773876	0.434674292	1.463942646	0.38222982	0.478442866	0.485437004	0.548886457	0.522389468	0.503796912	0.575912265	0.586085262	0.564031313	0.402305218	0.528041435	0.410658889
Methioninesulfoxide	C5H11NO3S	[M+H]	166.0532	9.8	0.214756932	0.153986826	0.060345219	0.100854067	0.434948666	0.084043312	0.151842318	0.388284765	0.093273173	0.084478572	0.051536431	0.056927623	0.235147901	0.415439429	0.06294582	0.074736605	0.093671467	0.066962468	0.216791101	0.056303821	0.183081711	0.042246197	0.115407576	0.696370113	0.047549707	0.193557828	0.066804794	0.090053792	0.069164755	0.086176756	0.059860893	0.104716441	0.074651288	0.420614665	0.090777871	0.196437366
Methyladenosine	C11H15N5O4	[M+H]	282.1197	7.44	0.056912051	0.072456054	0.06766448	0.078260044	0.125185941	0.089808958	0.062014954	0.066558024	0.073341271	0.067428402	0.063043298	0.083612933	0.069584637	0.072294444	0.106146147	0.07584446	0.073635967	0.090569607	0.043308089	0.053698616	0.068177943	0.036955118	0.048093806	0.085484513	0.050664402	0.074409041	0.074580011	0.062489909	0.046863651	0.067870311	0.07485383	0.067048503	0.086320822	0.049331325	0.05894013	0.051830975
Myristoylcarnitine (C14:0)	C21H41NO4	[M+H]	372.3108	1.31	0.067908547	0.029604141	0.030440476	0.071108955	0.033981527	0.016135492	0.072395892	0.029766213	0.065370886	0.06760066	0.058046697	0.059829268	0.066932433	0.039893568	0.028405804	0.063870971	0.048828894	0.043269433	0.194828933	0.18658052	0.304220183	0.017181503	0.03205022	0.024172917	0.263096989	0.19055007	0.49628055	0.286111194	0.213936124	0.332478316	0.103362046	0.143768293	0.152157063	0.26678686	0.201456012	0.238315642
N-Acetylaspartylglutamate	C11H16N2O8	[M+H]	305.0979	9.54	0.013697965	0.011708574	0.010177027	0.013267122	0.013234128	0.010501916	0.012757531	0.014511041	0.01178379	0.012604015	0.013127156	0.010372883	0.01126172	0.015884644	0.010591344	0.013014676	0.013774094	0.010363666	0.007921099	0.007116891	0.006765948	0.003319132	0.003270646	0.002712302	0.009757489	0.007463667	0.008123773	0.007943821	0.007518621	0.008842692	0.009451283	0.008355075	0.006678786	0.012223327	0.010556302	0.009704853
N-Acetylneuraminic acid	C11H19NO9	[M+H]	310.1133	10.49	0.049870456	0.051111916	0.065041866	0.048590033	0.053970464	0.070300601	0.051904754	0.043192375	0.060874063	0.060905074	0.046865406	0.05143603	0.05089134	0.059689285	0.072419959	0.052984777	0.052695018	0.063340864	0.027978437	0.042489123	0.052791393	0.038182573	0.053458949	0.051417235	0.030687288	0.034524731	0.042465195	0.047736518	0.047446742	0.053467466	0.019240593	0.02258472	0.036167297	0.0260551	0.03538776	0.034744827
N-Acetylputrescine	C6H14N2O	[M+H]	131.1179	6.42	0.00857978	0.015800052	0.008049203	0.030443358	0.061806983	0.060106257	0.009377056	0.011599654	0.018873414	0.008936978	0.009054679	0.012323534	0.013879397	0.009243753	0.017330048	0.017248472	0.01300271	0.013867524	0.010127187	0.010391103	0.012474551	0.059865622	0.069234694	0.09183825	0.014420776	0.012087781	0.010450904	0.013620543	0.009668493	0.01114502	0.02145992	0.021685232	0.022488374	0.026857021	0.013655667	0.013913213
N-Acetylspermidine	C9H21N3O	[M+H]	188.1757	10.43	21.11179616	22.6470272	29.50536749	31.06014389	40.15985798	57.270634	23.57070737	21.61507176	29.57330102	17.43678995	17.49821639	20.36884713	22.9130073	26.0916164	37.3234956	24.84500333	23.18216602	28.14265341	8.033686482	12.79635667	16.8294001	41.27264152	73.92073686	73.71422912	12.31711184	14.71359595	22.44191494	14.30307603	16.41573083	16.70846094	41.90123754	39.75244583	48.56519696	21.36584531	28.51171231	24.79751851
Nicotinamide	C6H6N2O	[M+H]	123.0553	1.35	3.707276337	2.064605192	2.800531278	3.934388355	3.552724287	3.481617835	3.732686506	3.019486972	3.389663015	3.157769751	2.40455903	2.954428787	3.368323141	2.418620067	2.883311852	3.215068595	2.350800397	2.928334041	2.127646634	3.384872509	3.224599312	1.942547836	3.38112999	3.347890838	2.191817191	2.929541273	2.476839089	2.588222063	2.702581272	3.237962489	1.888405676	3.486382027	3.420397715	3.150618145	2.993542652	3.324297374
Nicotinamidedinucleotide	C21H27N7O14P2	[M+H]	664.1164	12.2	0.002041711	0.003215623	0.004269533	0.001615105	0.002584758	0.004231678	0.000201222	0.001210095	0.006329267	7.93585E-05	0.002482176	0.003336908	0.002710231	0.001676291	0.005025782	0.00311076	0.002710639	0.003180315	0.000717371	0.002119246	0.002006639	0.001162082	0.002055532	0.002359384	0.00127322	0.000950649	0.004600719	0.002167627	0.003185624	0.001234307	0.01312237	0.008091987	0.008065899	9.87414E-05	0.004887906	0.001922493
N-Methylhistidine	C7H11N3O2	[M+H]	170.0924	10.36	0.005033555	0.005213844	0.00401326	0.005278541	0.010568015	0.003538715	0.005451061	0.004695598	0.004799664	0.004835651	0.004050037	0.003867862	0.004147122	0.00420691	0.003842806	0.005680526	0.005227003	0.003818958	0.003580347	0.004156578	0.003552305	0.001411165	0.002377932	0.014235487	0.003379241	0.003904694	0.003439095	0.004590948	0.003541977	0.003665046	0.002282821	0.003310899	0.003952877	0.006742361	0.003969237	0.003964723
N-Methyllysine	C7H16N2O2	[M+H]	161.1285	11.13	0.005033555	0.005213844	0.00401326	0.005278541	0.010568015	0.003538715	0.005451061	0.004695598	0.004799664	0.004835651	0.004050037	0.003867862	0.004147122	0.00420691	0.003842806	0.005680526	0.005227003	0.003818958	0.003580347	0.004156578	0.003552305	0.001411165	0.002377932	0.014235487	0.003379241	0.003904694	0.003439095	0.004590948	0.003541977	0.003665046	0.002282821	0.003310899	0.003952877	0.006742361	0.003969237	0.003964723
Octopamine iso1 P-	C8H11NO2	[M-H2O]	136.0757	7.82	0.068312906	0.063825777	0.063228754	0.076523304	0.143943397	0.069395408	0.06584133	0.065136254	0.072322346	0.060817631	0.053267271	0.063266359	0.059361817	0.057307192	0.066988358	0.074456159	0.062083854	0.059546926	0.051457625	0.060046498	0.062798798	0.034890892	0.060736909	0.219081947	0.044673743	0.061126825	0.066787174	0.063619858	0.064816328	0.070413081	0.060584876	0.063598963	0.075665723	0.087026904	0.060426853	0.064581845
Oleoylglycerol	C21H40O4	[M+H]	357.2999	0.9	0.060588704	0.040600322	0.037346342	0.084256002	0.039182221	0.017877668	0.045419461	0.01725291	0.052205065	0.044188936	0.037344371	0.039655527	0.034354795	0.018650791	0.024178884	0.054617867	0.051341529	0.041765846	0.039206248	0.031530836	0.039139165	0.040891956	0.097263513	0.048000493	0.021680523	0.00001	0.024344634	0.032063627	0.04041964	0.049717805	0.044829205	0.036679534	0.033467987	0.018483017	0.043687748	0.012721198
Oleylcarnitine (C18:1)	C25H47NO4	[M+H]	426.3578	1.3	0.642028439	0.367417913	0.334166198	0.667679856	0.25582287	0.150465959	0.76364735	0.29708843	0.499494836	0.687525635	0.646393092	0.619569145	0.49321552	0.451763367	0.263352697	0.628052182	0.622296498	0.406157839	0.843612193	0.925094353	1.800296281	0.04551285	0.081956342	0.080223637	1.22221635	0.845962091	2.086017654	1.478109167	1.116183566	1.779725881	0.355080098	0.580327637	0.541830529	1.156421264	1.277659484	1.157158479
Ophthalmic acid	C11H19N3O6	[M+H]	290.1347	10.64	0	0.002717673	0.002179779	0.000268629	0.026765578	0.061009403	0.000169513	0	0.007830391	0	0.000148825	0.000570846	0.000149905	0.000610085	0.039242415	0.002408147	0.003563791	0.00567397	3.1193E-05	0.000441283	0	0.015436311	0.013654787	0.041208036	0.000492025	0.00024294	0.012283528	0.001799646	0.001174508	0	0.093374046	0.027034382	0.076324114	0	0.013345211	0
Ornithine	C5H12N2O2	[M+H]	133.0972	11.69	0.041754189	0.040659007	0.034573911	0.039570968	0.093031688	0.033731278	0.040579534	0.041853598	0.03211709	0.042304997	0.035133762	0.030677311	0.036458471	0.033043981	0.025988971	0.04170403	0.036863389	0.027940675	0.070439608	0.087918104	0.079550749	0.037213104	0.07241588	0.232080438	0.067706727	0.075178606	0.075018502	0.096231859	0.084854489	0.100947319	0.037517716	0.044150198	0.049065614	0.184278312	0.050922243	0.072808702
Palmitoleylcarnitine (C16:1)	C23H43NO4	[M+H]	398.3265	1.31	0.129466566	0.068820901	0.070151338	0.167677906	0.051388684	0.033376486	0.170421155	0.052344156	0.118675396	0.138550256	0.131952204	0.143335112	0.139462218	0.103265943	0.075444927	0.139444345	0.128579392	0.079969063	0.17549843	0.173084657	0.398757281	0.012230873	0.021510368	0.020617679	0.278948485	0.208352024	0.601999615	0.334612946	0.212209048	0.387059742	0.070885674	0.142470252	0.13987173	0.267329751	0.266591389	0.192480374
Palmitoylcarnitine (C16:0)	C23H45NO4	[M+H]	400.3421	1.3	0.330251601	0.17219747	0.183709895	0.315500347	0.152445991	0.104938718	0.329040254	0.142534865	0.278754769	0.330586654	0.281694479	0.314660967	0.25555984	0.224474576	0.171703464	0.296705652	0.272024138	0.226648588	0.731443354	0.797524306	1.345586638	0.06210496	0.11795527	0.102673525	0.964535863	0.730529944	1.729447982	1.104417625	0.932435652	1.469491754	0.370839582	0.526200541	0.588507519	0.963203561	0.799927581	1.042929449
Pantothenic acid	C9H17NO5	[M+H]	220.1179	2.06	4.298476176	3.372392089	3.099933024	5.59049923	5.028057181	5.544643875	4.693889126	3.90943689	4.577863528	4.041351605	3.191697435	3.368037312	4.230550131	3.842509234	3.959562531	4.646660516	4.217191448	4.464867985	2.265513012	3.043420229	2.687139783	3.665022841	5.651917677	5.049314703	2.729970732	3.05437248	3.31913059	2.461642297	2.985359838	3.313096226	3.141341487	3.947256516	4.220673272	3.350913815	3.42057809	3.895231932
Phenylalanine	C9H11NO2	[M+H]	166.0863	6	0.975087332	0.999770585	0.915110028	0.921030588	2.363267447	1.035302651	0.944447488	1.061277264	1.03306342	0.985392503	0.808877868	0.872756396	0.98871367	0.978644208	1.049681754	1.121473934	0.993277033	1.026436055	0.548437899	0.856395507	0.858729015	0.542502239	1.210553157	3.916882225	0.597660006	0.985598315	0.990908635	0.915580679	0.838865095	1.071393209	1.026600396	1.202019168	1.34092583	1.361403944	1.098791221	1.052814142
Phenylethanolamine	C8H11NO	[M-H2O]	120.0808	5.99	0.153738778	0.163278103	0.153777649	0.145076237	0.386007357	0.172454065	0.149377864	0.17485887	0.177252139	0.15336817	0.137062914	0.146313489	0.1552885	0.166542857	0.16907611	0.17432278	0.172384907	0.179569576	0.090519907	0.143142199	0.148383453	0.088789187	0.198282704	0.668078761	0.093227949	0.162025904	0.167074449	0.151123433	0.138764152	0.183332992	0.162454957	0.202356343	0.227896675	0.223752248	0.184913561	0.174276948
Pipecolic acid	C6H11NO2	[M+H]	130.0863	11.6	0.106208548	0.106937722	0.096694173	0.114214673	0.256817177	0.11699777	0.100778361	0.107363152	0.112413833	0.097029177	0.090207775	0.091530807	0.097718483	0.104327902	0.108635515	0.125755635	0.114560419	0.101841409	0.06628651	0.080964328	0.095218087	0.043587962	0.08986156	0.44667793	0.059937674	0.085976531	0.097878529	0.094755365	0.086960868	0.099269165	0.078566032	0.093462628	0.113183198	0.137771609	0.093443545	0.104333539
Proline	C5H9NO2	[M+H]	116.0706	7.74	6.035964876	4.936271788	4.882413983	7.398836873	7.913772591	6.553488128	5.75672999	5.281261272	5.655573336	6.057941423	4.440581286	5.223483464	5.866228454	5.140125538	5.116374553	6.051192235	5.361203502	5.120097694	5.628540187	6.89831555	6.375561317	3.695937937	6.527783637	8.940622	5.134256076	6.724378067	6.552094265	5.72205082	6.757613902	6.850838324	6.411044634	7.954172685	7.630943678	7.077989951	6.776460212	6.373999126
Prolylisoleucine	C11H20N2O3	[M+H]	229.1547	8.56	0.02372878	0.018066156	0.024659906	0.018794893	0.032906907	0.023969196	0.021429911	0.019797058	0.017361611	0.021190758	0.016396385	0.020377717	0.020985003	0.018640877	0.028185234	0.021530484	0.016409608	0.024045623	0.014815498	0.01985307	0.014683411	0.019002369	0.029755325	0.048439415	0.012304634	0.010997757	0.016734944	0.01782132	0.016112372	0.013090831	0.018653947	0.017601015	0.018555211	0.022944684	0.017890352	0.014852572
Prolylleucine	C11H20N2O3	[M+H]	229.1547	7.63	0.04358155	0.060175941	0.029275483	0.04669999	0.106577209	0.035968624	0.04506952	0.054603008	0.0545784	0.0397473	0.043182726	0.056068811	0.039450029	0.041943023	0.035416248	0.054269439	0.051198213	0.040471489	0.042156747	0.035384777	0.037454918	0.034854784	0.044646612	0.204993654	0.033627574	0.030012449	0.042337521	0.062488489	0.041772736	0.042506027	0.054545743	0.045491955	0.042534372	0.064529203	0.036076156	0.042239227
Propionylcarnitine (C3)	C10H19NO4	[M+H]	218.1387	4.59	0.519928513	0.471788758	0.693046839	0.46077189	0.779505471	0.337475387	0.392212189	0.367942225	0.610052302	0.591940846	0.466537001	0.505828794	0.457532099	0.373586076	0.427051322	0.53389633	0.461660734	0.407821717	0.339995648	0.496628906	0.868275542	0.132887946	0.332734807	1.293143669	0.289767988	0.508845502	0.720501677	0.487683508	0.553439051	0.886370343	0.305853264	0.418962575	0.659085884	0.486781307	0.642984243	0.506728514
Pyridoxal 	C8H9NO3	[M+H]	168.0655	1.73	0.323695804	0.196939881	0.115606272	0.342134533	0.324924008	0.122389659	0.289523321	0.21293323	0.234002783	0.319334832	0.151671651	0.165205433	0.307468849	0.239632175	0.13539118	0.31591817	0.197227239	0.197848634	0.153808452	0.101328503	0.137443148	0.19484975	0.365259651	0.322615522	0.113190669	0.200071494	0.100445173	0.110035815	0.095469114	0.134403473	0.277102496	0.974147254	0.215835888	0.401112357	0.233718921	0.226772417
Riboflavin	C17H20N4O6	[M+H]	377.1456	3.8	0.003569031	0.007593531	0.007664766	8.36549E-05	0.010104673	0.011169023	8.86825E-05	0.003170272	0.009693009	0.006442834	0.008298815	0.010077262	0.002194847	0.004327011	0.005792844	0.008640132	0.008613051	0.008549183	0.003463377	0.011466009	0.000208652	0.013251997	0.021348576	0.011766258	0.007948946	0.006531924	0.008360176	0.009386122	0.010275993	0.011264492	0.006870957	0.049657991	0.013078353	0.042759458	0.006656703	0.025008346
Saccharopine	C11H20N2O6	[M+H]	277.1394	12.31	0.007606259	0.002045247	0.002665315	0.005163618	0.002982808	0.003379789	0.005429595	0.00230236	0.003248594	0.004474808	0.002446379	0.001728362	0.003748873	0.002225985	0.001486719	0.004064109	0.002496443	0.001499139	0.000919807	0.002502558	0.002159571	0.000369775	0.000897741	0.000744207	0.001066192	0.001664911	0.001629191	0.002073195	0.002711644	0.002476258	0.001278394	0.00189982	0.001829734	0.001272167	0.001381007	0.001734609
S-Adenosylhomocysteine	C14H20N6O5S	[M+H]	385.1289	10.19	0.374933833	0.336774294	0.335054477	0.491185994	0.352447971	0.406576728	0.464355337	0.337687212	0.364598926	0.425201291	0.324773945	0.378387705	0.364880664	0.31962689	0.380932551	0.379438349	0.38898056	0.436337279	0.316287466	0.344271379	0.432340014	0.212765428	0.153538758	0.241134039	0.389608304	0.109276073	0.336782548	0.338243128	0.299442808	0.369716191	0.253088773	0.268436117	0.206249204	0.462851469	0.27367866	0.266760386
S-Adenosylmethionine	C15H22N6O5S	[M+H]	399.1445	12.03	0.151873883	0.15890277	0.089270976	0.165788305	0.129060875	0.138750567	0.150350933	0.100762867	0.161880522	0.220946624	0.126861979	0.102959808	0.187283677	0.122291484	0.109264708	0.178019879	0.187695272	0.112571635	0.076681634	0.120557798	0.065622328	0.018003363	0.013268434	0.023358957	0.104265125	0.098108308	0.106679265	0.100976394	0.128573511	0.110532842	0.052095076	0.037421139	0.039551491	0.051606069	0.041953999	0.054490561
Serine	C3H7NO3	[M+H]	106.0499	9.9	0.460509594	0.536959337	0.500395408	0.48137495	0.702410906	0.542357936	0.441104636	0.580431779	0.516294287	0.472254847	0.480544419	0.591435118	0.431666523	0.535303931	0.603756233	0.478293705	0.543533664	0.616243304	0.403517328	0.388278449	0.466664429	0.280979962	0.31772956	0.687186897	0.377663112	0.370757069	0.433962491	0.415209661	0.401231718	0.505731272	0.422585271	0.391143998	0.518565956	0.506643127	0.405952408	0.499851988
Stearoylcarnitine (C18:0)	C25H49NO4	[M+H]	428.3734	1.29	0.230657215	0.130727403	0.139178755	0.151218885	0.126182743	0.08466503	0.186559168	0.131469099	0.183285965	0.221817997	0.177021663	0.193711032	0.132774819	0.112486921	0.102477164	0.160449571	0.144929811	0.15443055	0.451137309	0.589941508	0.920052525	0.026911859	0.05531515	0.058132494	0.523408325	0.595502049	0.949472083	0.637927951	0.71583769	1.012487343	0.326319475	0.398326361	0.471879881	0.695873564	0.584786374	1.062396096
Taurine	C2H7NO3S	[M+H]	126.0219	7.9	0.340630637	0.370695246	0.370913304	0.230474861	0.271708387	0.263523224	0.299565069	0.393936378	0.403337583	0.319321726	0.316115378	0.367361516	0.232737701	0.306903512	0.306706644	0.276937995	0.336613523	0.342529074	0.367569538	0.40204982	0.47240079	0.394232365	0.494053871	0.478273408	0.375638235	0.391303191	0.485183874	0.358270444	0.403975655	0.508306816	0.383468328	0.431427354	0.431061367	0.316661894	0.3221152	0.339842626
Thiamine	C12H16N4OS	[M+H]	265.1118	7.05	0.420917185	0.705670666	0.743616934	0.524084227	2.565675142	0.886643757	0.453584097	0.075532888	0.857449255	0.717443138	0.763390901	0.761192507	0.541078892	0.114384344	0.841850589	0.986238623	0.801049704	0.826786873	0.034108489	0.823597303	0.646759272	0.556655807	0.807622463	3.977427789	0.73801559	0.629693636	1.031242409	1.144510201	0.980395153	0.76479594	0.721776519	0.803142225	0.885172361	0.045460434	0.730971318	0.351604622
Thiazolidine-4-carboxylic acid	C4H7NO2S	[M+H]	134.027	5.79	0.093532368	0.05274278	0.015877154	0.105583967	0.072471329	0.021089994	0.127904324	0.011320506	0.056727168	0.026966441	0.015334864	0.023974949	0.05760175	0.009394018	0.024779998	0.044034926	0.033245751	0.03520245	0.006978973	0.026075479	0.043760291	0.030226445	0.065012539	0.10175716	0.057591736	0.025293151	0.044115831	0.040389826	0.048309361	0.087463333	0.105994885	0.139792828	0.160736206	0.015275461	0.048152959	0.025679703
Threonine	C4H9NO3	[M+H]	120.0655	9.3	0.597665328	0.437270205	0.399471186	0.614402574	0.841551298	0.465034447	0.57915585	0.459264501	0.494254534	0.523676477	0.391955819	0.402687244	0.426340553	0.412894966	0.420902369	0.510121591	0.489921841	0.417298386	0.338960549	0.482442446	0.460762289	0.222080431	0.389507091	1.162866192	0.360683777	0.421565202	0.460381554	0.453061158	0.446107659	0.432733807	0.395099411	0.460791235	0.463128607	0.739774382	0.387110475	0.453182193
Trimethylamineoxid	C3H9NO	[M+H]	76.0757	4.2	0.124271697	0.212746385	0.126059677	0.018712499	0.745332021	0.145010759	0.034489476	0.199313331	0.180228824	0.144176498	0.127129654	0.128768646	0.123633163	0.149469513	0.118777689	0.190338011	0.20736846	0.144237472	0.132004569	0.124966951	0.154984409	0.101753755	0.13438278	1.328554703	0.121326198	0.141848892	0.219107751	0.296668573	0.204357315	0.073034096	0.118753524	0.059441187	0.175422113	0.457050734	0.169733713	0.144794093
Trimethyllysine 	C9H20N2O2	[M+H]	189.1598	11.04	0.021755042	0.016396339	0.011894208	0.028446142	0.046256022	0.020823069	0.021777866	0.015279359	0.020010584	0.0189866	0.012761943	0.013723125	0.018168445	0.013874368	0.012338922	0.022991905	0.018859811	0.013288922	0.014360116	0.021367199	0.024448038	0.009460786	0.015283728	0.073247695	0.013926053	0.016833875	0.02216505	0.022526558	0.023088562	0.028756867	0.014224097	0.015598433	0.019502439	0.025988339	0.018381713	0.023686958
Tryptophan	C11H12N2O2	[M+H]	205.0972	6.12	0.153196261	0.149215629	0.147927185	0.167341376	0.349506738	0.165165485	0.148657887	0.149165	0.163109483	0.139247271	0.124898616	0.1279551	0.130542948	0.137918835	0.138252363	0.171149237	0.15062548	0.144191677	0.102330121	0.134665076	0.151386596	0.091232039	0.172893169	0.623700337	0.095412168	0.136577425	0.159438603	0.157522784	0.142854898	0.16083661	0.14484637	0.149701799	0.183681661	0.213883971	0.140793903	0.152033922
Tyrosine	C9H11NO3	[M+H]	182.0812	7.82	0.47188008	0.461198537	0.433575295	0.535256731	1.003213648	0.500697134	0.457372818	0.465986481	0.484777493	0.453356179	0.372584153	0.43019926	0.414440017	0.407821094	0.466869952	0.507472838	0.425999083	0.444665532	0.346797447	0.402186358	0.472423282	0.245786182	0.41970211	1.539541731	0.314406065	0.422919037	0.485447961	0.444895396	0.445759227	0.516093298	0.417163813	0.434534627	0.489469309	0.595928249	0.406900683	0.454232395
UDP N-Acetylglucosamine	C17H27N3O17P2	[M+H]	608.0888	12.67	0.00035229	0.001361816	0.00229409	0.000526425	0.001395883	0.003611312	5.03206E-05	9.06605E-05	0.002821037	0.00001	0.000537243	0.000460846	0.000479207	0.000160074	0.002335264	0.001056138	0.000611349	0.000422203	0.00001	0.000350591	0.000201321	0.000311234	0.000479996	0.001915258	0.000119236	0.00037529	0.000916099	0.000396207	0.000535514	3.30861E-05	0.01414944	0.00250009	0.005069031	7.49349E-06	0.001218651	5.2456E-05
Urea	CH4N2O	[M+H]	61.0396	2.03	0.033707658	0.039746594	0.017865978	0.03893572	0.135806273	0.028146747	0.036173197	0.034176781	0.028961575	0.032424486	0.033997708	0.03117564	0.021754439	0.020303204	0.021777817	0.042384611	0.038170301	0.026396971	0.033506586	0.036890206	0.044001245	0.021555783	0.040106229	0.261338442	0.030363095	0.028894816	0.04354052	0.062205009	0.039375086	0.051055805	0.024965506	0.029987418	0.030447036	0.097101418	0.028309143	0.032955084
Urocanic acid cis	C6H6N2O2	[M+H]	139.0502	1.56	0.203666603	0.097975572	0.060893343	0.427647681	0.031217721	0.061684224	0.079884783	0.061335204	0.024675935	0.109174064	0.020598048	0.00001	0.034881822	0.011218099	0.022884747	0.167591614	0.046183218	0.093819159	0.038327598	0.000938088	0.000183483	0.082205016	0.077410073	0.060608752	0.005288469	0.027067545	0.00001	0.000305036	0.011938593	0.024056255	0.04204096	0.00001	0.306755243	0.020319246	0.0799937	0.023200875
Valerylcarnitine (C5)	C12H23NO4	[M+H]	246.17	3	0.186620763	0.168833522	0.16094265	0.145663905	0.353994037	0.099053824	0.147082829	0.172500731	0.159064497	0.166475354	0.205432526	0.201333112	0.138744732	0.1488243	0.103902981	0.161284892	0.196604344	0.145731086	0.295072023	0.363450887	0.37675401	0.049014991	0.099453099	0.33638834	0.141602754	0.16374837	0.269743263	0.310074044	0.253503024	0.503014607	0.063914738	0.084705975	0.089115785	0.157069875	0.107255965	0.115101716
Valine	C5H11NO2	[M+H]	118.0863	7.66	0.964400956	0.882967122	0.777442885	1.055178844	2.183849685	0.846394407	0.9269633	0.896354685	0.904578403	0.903549595	0.709065652	0.797118396	0.830247224	0.771164927	0.811034226	1.163566845	0.895553846	0.787881047	0.687443797	0.783693874	0.84358108	0.520081256	0.990000615	3.870434094	0.524940663	0.776748504	0.894170424	0.875161851	0.881221917	0.93350674	0.778696945	0.899750939	0.963587879	1.272129404	0.799574384	0.864712953